# Created by Octave 4.2.1, Sat Feb 16 17:12:48 2019 GMT <unknown@unknown>
# name: output
# type: cell
# rows: 2
# columns: 1
# name: <cell-element>
# type: sq_string
# elements: 1
# length: 8
&#x0B86;


# name: <cell-element>
# type: scalar
97.08142281692702





